%YAML:1.0
---
Mtx: !!opencv-matrix
   rows: 3
   cols: 3
   dt: d
   data: [ 7.5048323544261802e+02, 0., 3.0041276012882417e+02, 0.,
       7.5048709070963912e+02, 2.3742838604835705e+02, 0., 0., 1. ]
Dist: !!opencv-matrix
   rows: 1
   cols: 5
   dt: d
   data: [ 9.7585434971516574e-02, -4.8721014665544699e-01,
       -1.8115393716687219e-03, -1.6590863199952397e-03,
       8.7014393342056284e-01 ]
