%YAML:1.0
---
Mtx: !!opencv-matrix
   rows: 3
   cols: 3
   dt: d
   data: [ 7.5035446202142521e+02, 0., 3.0054431727680947e+02, 0.,
       7.5029637767180259e+02, 2.3719011158264718e+02, 0., 0., 1. ]
Dist: !!opencv-matrix
   rows: 1
   cols: 5
   dt: d
   data: [ 9.6996440278791729e-02, -4.8669413047948540e-01,
       -1.9424099291302404e-03, -1.5878351497531664e-03,
       8.7516559430783436e-01 ]
