%YAML:1.0
---
Mtx: !!opencv-matrix
   rows: 3
   cols: 3
   dt: d
   data: [ 7.5053959299394558e+02, 0., 3.0109112443758522e+02, 0.,
       7.5078684039309178e+02, 2.3834023979629475e+02, 0., 0., 1. ]
Dist: !!opencv-matrix
   rows: 1
   cols: 5
   dt: d
   data: [ 1.0544305741846302e-01, -5.5174254247224197e-01,
       -1.8219800689507895e-03, -1.4732227235803236e-03,
       1.0314414277608137e+00 ]
