%YAML:1.0
---
Mtx: !!opencv-matrix
   rows: 3
   cols: 3
   dt: d
   data: [ 7.5039542027060372e+02, 0., 3.0099745625245941e+02, 0.,
       7.5061778259930304e+02, 2.3864055075715657e+02, 0., 0., 1. ]
Dist: !!opencv-matrix
   rows: 1
   cols: 5
   dt: d
   data: [ 1.0613557469759384e-01, -5.5801540506329284e-01,
       -1.7537807542730027e-03, -1.4705507704704153e-03,
       1.0476053479669061e+00 ]
