%YAML:1.0
---
Mtx: !!opencv-matrix
   rows: 3
   cols: 3
   dt: d
   data: [ 7.3962180133228981e+02, 0., 3.0615264283264275e+02, 0.,
       7.4189507008217515e+02, 2.3702738926233511e+02, 0., 0., 1. ]
Dist: !!opencv-matrix
   rows: 1
   cols: 5
   dt: d
   data: [ 9.9486042474499145e-02, -4.7204462379844736e-01,
       -2.4111983534620767e-03, 1.7898066251488261e-03,
       8.1960381254871073e-01 ]
