%YAML:1.0
---
Mtx: !!opencv-matrix
   rows: 3
   cols: 3
   dt: d
   data: [ 7.5061758563075625e+02, 0., 3.0344403925345665e+02, 0.,
       7.5193211904126758e+02, 2.3626292674522324e+02, 0., 0., 1. ]
Dist: !!opencv-matrix
   rows: 1
   cols: 5
   dt: d
   data: [ 9.8442146267288685e-02, -4.8778655160059242e-01,
       -2.5411289496324288e-03, -1.0711310192313918e-03,
       9.2918134796893515e-01 ]
