%YAML:1.0
---
Mtx: !!opencv-matrix
   rows: 3
   cols: 3
   dt: d
   data: [ 7.5152909743112332e+02, 0., 3.0220798115800733e+02, 0.,
       7.5173749964349747e+02, 2.3631331925712482e+02, 0., 0., 1. ]
Dist: !!opencv-matrix
   rows: 1
   cols: 5
   dt: d
   data: [ 9.4191733373181194e-02, -4.6310077339428429e-01,
       -2.3603312171316588e-03, -1.0869077050201478e-03,
       8.1140543909821905e-01 ]
