%YAML:1.0
---
Mtx: !!opencv-matrix
   rows: 3
   cols: 3
   dt: d
   data: [ 7.5056327312083476e+02, 0., 3.0317158314982026e+02, 0.,
       7.5197065124634253e+02, 2.3693980438593150e+02, 0., 0., 1. ]
Dist: !!opencv-matrix
   rows: 1
   cols: 5
   dt: d
   data: [ 9.4199280635688554e-02, -4.3130977295782658e-01,
       -2.2819426898206775e-03, -1.2889655090451064e-03,
       7.1892521558796574e-01 ]
