%YAML:1.0
---
Mtx: !!opencv-matrix
   rows: 3
   cols: 3
   dt: d
   data: [ 6.7126028459239330e+02, 0., 3.5341368551863462e+02, 0.,
       6.6495194094207102e+02, 2.8639425954676312e+02, 0., 0., 1. ]
Dist: !!opencv-matrix
   rows: 1
   cols: 5
   dt: d
   data: [ 5.6715905625873073e-02, -1.0953608138241648e-01,
       -2.5258954021622156e-03, 4.1435747784284689e-03,
       5.2064479178231718e-02 ]
