%YAML:1.0
---
Mtx: !!opencv-matrix
   rows: 3
   cols: 3
   dt: d
   data: [ 7.4869208591903180e+02, 0., 3.0715888287868484e+02, 0.,
       7.5109391423784268e+02, 2.3840984466257584e+02, 0., 0., 1. ]
Dist: !!opencv-matrix
   rows: 1
   cols: 5
   dt: d
   data: [ 1.0565257062641492e-01, -5.3379478312595940e-01,
       -1.6467219127727895e-03, 1.4632909052778535e-03,
       9.9570159410669279e-01 ]
