%YAML:1.0
---
Mtx: !!opencv-matrix
   rows: 3
   cols: 3
   dt: d
   data: [ 7.4883514098818182e+02, 0., 3.0489732398964509e+02, 0.,
       7.4981622986657248e+02, 2.3669113004377425e+02, 0., 0., 1. ]
Dist: !!opencv-matrix
   rows: 1
   cols: 5
   dt: d
   data: [ 9.1741380649056375e-02, -4.3953918491274002e-01,
       -2.2732933717967497e-03, -2.9150999374691762e-04,
       7.3707001778521164e-01 ]
