%YAML:1.0
---
Mtx: !!opencv-matrix
   rows: 3
   cols: 3
   dt: d
   data: [ 7.5269333691475288e+02, 0., 3.0649742628990629e+02, 0.,
       7.5505184177096760e+02, 2.3746917905941544e+02, 0., 0., 1. ]
Dist: !!opencv-matrix
   rows: 1
   cols: 5
   dt: d
   data: [ 9.7731073620754616e-02, -5.2366730647547022e-01,
       -2.8888132163404985e-03, 2.8174449190910889e-03,
       1.0062216360615408e+00 ]
