%YAML:1.0
---
Mtx: !!opencv-matrix
   rows: 3
   cols: 3
   dt: d
   data: [ 7.4925478769246865e+02, 0., 3.0597311346198671e+02, 0.,
       7.5165349348389407e+02, 2.3660061432288128e+02, 0., 0., 1. ]
Dist: !!opencv-matrix
   rows: 1
   cols: 5
   dt: d
   data: [ 9.9114591922287013e-02, -5.2736712574751488e-01,
       -3.1852364808317578e-03, 2.7401125209613048e-03,
       1.0038937835275206e+00 ]
