%YAML:1.0
---
Mtx: !!opencv-matrix
   rows: 3
   cols: 3
   dt: d
   data: [ 7.4751119786263837e+02, 0., 3.0186111365388331e+02, 0.,
       7.4775605058263830e+02, 2.3561935668493751e+02, 0., 0., 1. ]
Dist: !!opencv-matrix
   rows: 1
   cols: 5
   dt: d
   data: [ 8.9534251926722805e-02, -4.2753818649717512e-01,
       -2.3667770999181740e-03, -1.0605826615390384e-03,
       7.2164409933588802e-01 ]
