%YAML:1.0
---
Mtx: !!opencv-matrix
   rows: 3
   cols: 3
   dt: d
   data: [ 7.5086775699159762e+02, 0., 3.0436130377075170e+02, 0.,
       7.5202546342362496e+02, 2.3655017301116368e+02, 0., 0., 1. ]
Dist: !!opencv-matrix
   rows: 1
   cols: 5
   dt: d
   data: [ 9.3913222267776320e-02, -4.2638203700462657e-01,
       -2.2371813561067842e-03, -5.7748237612473350e-04,
       6.7301120239159484e-01 ]
