%YAML:1.0
---
Mtx: !!opencv-matrix
   rows: 3
   cols: 3
   dt: d
   data: [ 7.5047237563846443e+02, 0., 3.0093118335392023e+02, 0.,
       7.5068898567803910e+02, 2.3864818952600248e+02, 0., 0., 1. ]
Dist: !!opencv-matrix
   rows: 1
   cols: 5
   dt: d
   data: [ 1.0545837048827673e-01, -5.5326281921328502e-01,
       -1.7740272604903425e-03, -1.5151958350330943e-03,
       1.0363017568424062e+00 ]
