%YAML:1.0
---
Mtx: !!opencv-matrix
   rows: 3
   cols: 3
   dt: d
   data: [ 7.4877667320074863e+02, 0., 3.0653865761466784e+02, 0.,
       7.5061972505952281e+02, 2.3958682328317798e+02, 0., 0., 1. ]
Dist: !!opencv-matrix
   rows: 1
   cols: 5
   dt: d
   data: [ 9.4193430628127239e-02, -4.7102435787182928e-01,
       -1.3580585541662668e-03, 6.3577368436473390e-04,
       8.3520401296758828e-01 ]
