%YAML:1.0
---
Mtx: !!opencv-matrix
   rows: 3
   cols: 3
   dt: d
   data: [ 7.5198087628892927e+02, 0., 3.0182083870820696e+02, 0.,
       7.5207510065816405e+02, 2.3689059573995971e+02, 0., 0., 1. ]
Dist: !!opencv-matrix
   rows: 1
   cols: 5
   dt: d
   data: [ 9.8077028868862229e-02, -4.8022268983959893e-01,
       -2.1412362700972756e-03, -1.2565911427605075e-03,
       8.4519784998087255e-01 ]
