%YAML:1.0
---
Mtx: !!opencv-matrix
   rows: 3
   cols: 3
   dt: d
   data: [ 7.5027931838029838e+02, 0., 3.0073160296597337e+02, 0.,
       7.5047561440864638e+02, 2.3873582509537405e+02, 0., 0., 1. ]
Dist: !!opencv-matrix
   rows: 1
   cols: 5
   dt: d
   data: [ 1.0498768007760380e-01, -5.5188330910819772e-01,
       -1.7272150952941903e-03, -1.5838613346627289e-03,
       1.0349103996469526e+00 ]
