%YAML:1.0
---
Mtx: !!opencv-matrix
   rows: 3
   cols: 3
   dt: d
   data: [ 7.4801438074955547e+02, 0., 3.0250270821496019e+02, 0.,
       7.4852922637667803e+02, 2.3573511677863371e+02, 0., 0., 1. ]
Dist: !!opencv-matrix
   rows: 1
   cols: 5
   dt: d
   data: [ 9.0336373310256290e-02, -4.3427571774887247e-01,
       -2.4208546351912252e-03, -1.0688911598118447e-03,
       7.3526957507239543e-01 ]
