%YAML:1.0
---
Mtx: !!opencv-matrix
   rows: 3
   cols: 3
   dt: d
   data: [ 7.5017059031085080e+02, 0., 3.0107147842287094e+02, 0.,
       7.5041274939202583e+02, 2.3802366485040699e+02, 0., 0., 1. ]
Dist: !!opencv-matrix
   rows: 1
   cols: 5
   dt: d
   data: [ 1.0519373414933079e-01, -5.5099201175533774e-01,
       -1.9297359857548780e-03, -1.4190193972104229e-03,
       1.0303967231114644e+00 ]
