%YAML:1.0
---
Mtx: !!opencv-matrix
   rows: 3
   cols: 3
   dt: d
   data: [ 7.5273111156981815e+02, 0., 3.0196475405875236e+02, 0.,
       7.5290957520528127e+02, 2.3601459952491155e+02, 0., 0., 1. ]
Dist: !!opencv-matrix
   rows: 1
   cols: 5
   dt: d
   data: [ 9.6361020818139978e-02, -4.7177108712874349e-01,
       -2.3460673216862218e-03, -1.1019069836931746e-03,
       8.2724976090877722e-01 ]
