%YAML:1.0
---
Mtx: !!opencv-matrix
   rows: 3
   cols: 3
   dt: d
   data: [ 1.0385749041465197e+03, 0., 2.7708839915666658e+02, 0.,
       1.0424754086820785e+03, 2.6832239136014726e+02, 0., 0., 1. ]
Dist: !!opencv-matrix
   rows: 1
   cols: 5
   dt: d
   data: [ 1.0804757690433775e-01, -9.6244049468347292e-01,
       -4.2229522939429744e-03, 9.5631061881686422e-04,
       1.4740455325979487e+00 ]
