%YAML:1.0
---
Mtx: !!opencv-matrix
   rows: 3
   cols: 3
   dt: d
   data: [ 7.6088197516423065e+02, 0., 3.0701423921345514e+02, 0.,
       7.6315516358014418e+02, 2.3870139371686551e+02, 0., 0., 1. ]
Dist: !!opencv-matrix
   rows: 1
   cols: 5
   dt: d
   data: [ 1.0535589779706965e-01, -6.1431096521440987e-01,
       -2.6551072015957838e-03, 2.6320089415393256e-03,
       1.3288392656430801e+00 ]
