%YAML:1.0
---
Mtx: !!opencv-matrix
   rows: 3
   cols: 3
   dt: d
   data: [ 7.5089927448341120e+02, 0., 3.0144834695132499e+02, 0.,
       7.5095039942359926e+02, 2.3698028575615231e+02, 0., 0., 1. ]
Dist: !!opencv-matrix
   rows: 1
   cols: 5
   dt: d
   data: [ 9.9192889711619284e-02, -4.9365715700411511e-01,
       -2.1747977391288328e-03, -1.3185363121849098e-03,
       8.8285589737020342e-01 ]
