%YAML:1.0
---
Mtx: !!opencv-matrix
   rows: 3
   cols: 3
   dt: d
   data: [ 7.5330806920803468e+02, 0., 3.0784859108858325e+02, 0.,
       7.5587078080893548e+02, 2.3862429663278868e+02, 0., 0., 1. ]
Dist: !!opencv-matrix
   rows: 1
   cols: 5
   dt: d
   data: [ 1.0584881722996954e-01, -5.7600149489331454e-01,
       -1.5241102304594351e-03, 9.8947880063876580e-04,
       1.1428987820201104e+00 ]
