%YAML:1.0
---
Mtx: !!opencv-matrix
   rows: 3
   cols: 3
   dt: d
   data: [ 7.4944345100959208e+02, 0., 3.0782319824972365e+02, 0.,
       7.5197672280869403e+02, 2.3959301841674394e+02, 0., 0., 1. ]
Dist: !!opencv-matrix
   rows: 1
   cols: 5
   dt: d
   data: [ 1.0427222119507613e-01, -5.5744220165643033e-01,
       -1.5917746837699029e-03, 1.2048006900322551e-03,
       1.0832704089847582e+00 ]
