%YAML:1.0
---
Mtx: !!opencv-matrix
   rows: 3
   cols: 3
   dt: d
   data: [ 7.5254305755214614e+02, 0., 3.0188909856704259e+02, 0.,
       7.5267000078878891e+02, 2.3672108933942229e+02, 0., 0., 1. ]
Dist: !!opencv-matrix
   rows: 1
   cols: 5
   dt: d
   data: [ 9.8503370497960693e-02, -4.8557564206430548e-01,
       -2.1938560102385029e-03, -1.3023251283078138e-03,
       8.5944109927412715e-01 ]
