%YAML:1.0
---
Mtx: !!opencv-matrix
   rows: 3
   cols: 3
   dt: d
   data: [ 7.4953133920867367e+02, 0., 3.0937927517197932e+02, 0.,
       7.5160270593822793e+02, 2.3958344732420917e+02, 0., 0., 1. ]
Dist: !!opencv-matrix
   rows: 1
   cols: 5
   dt: d
   data: [ 9.3206224658716669e-02, -4.5877234939749312e-01,
       -1.4501170144265087e-03, 1.9058238048852050e-03,
       8.1674099529347544e-01 ]
