%YAML:1.0
---
Mtx: !!opencv-matrix
   rows: 3
   cols: 3
   dt: d
   data: [ 7.5104060051776048e+02, 0., 3.0764975479663070e+02, 0.,
       7.5359840207372986e+02, 2.4012941926978738e+02, 0., 0., 1. ]
Dist: !!opencv-matrix
   rows: 1
   cols: 5
   dt: d
   data: [ 1.0833534813562247e-01, -5.9101504786784775e-01,
       -1.3293598640431341e-03, 1.0941373938946717e-03,
       1.1775670726867806e+00 ]
