%YAML:1.0
---
Mtx: !!opencv-matrix
   rows: 3
   cols: 3
   dt: d
   data: [ 5.8779451833600581e+02, 0., 3.3410023000359246e+02, 0.,
       5.9072420373769080e+02, 2.3182822035579750e+02, 0., 0., 1. ]
Dist: !!opencv-matrix
   rows: 1
   cols: 5
   dt: d
   data: [ -2.1695377204655047e-01, 6.3406809189785007e-01,
       4.6922942710980456e-03, 7.7800476394676414e-04,
       -7.3204762383643784e-01 ]
