%YAML:1.0
---
Mtx: !!opencv-matrix
   rows: 3
   cols: 3
   dt: d
   data: [ 6.2953093645965043e+02, 0., 3.3384959944466198e+02, 0.,
       6.3258336621308001e+02, 2.2921385444310442e+02, 0., 0., 1. ]
Dist: !!opencv-matrix
   rows: 1
   cols: 5
   dt: d
   data: [ -2.4943111791999290e-01, 8.3879960245408836e-01,
       6.1379759789252945e-03, 1.0018644990629709e-03,
       -1.1123699486785357e+00 ]
