%YAML:1.0
---
Mtx: !!opencv-matrix
   rows: 3
   cols: 3
   dt: d
   data: [ 6.6004629630165948e+02, 0., 3.3995431635816624e+02, 0.,
       6.6394664967061078e+02, 2.2746890816458173e+02, 0., 0., 1. ]
Dist: !!opencv-matrix
   rows: 1
   cols: 5
   dt: d
   data: [ -2.5701902636772272e-01, 8.5689346857141335e-01,
       6.9992920149325932e-03, -2.0514438287276399e-03,
       -1.1559860317230837e+00 ]
