%YAML:1.0
---
Mtx: !!opencv-matrix
   rows: 3
   cols: 3
   dt: d
   data: [ 6.3223108017538584e+02, 0., 3.3787566407360652e+02, 0.,
       6.3579350165051824e+02, 2.2855183840059780e+02, 0., 0., 1. ]
Dist: !!opencv-matrix
   rows: 1
   cols: 5
   dt: d
   data: [ -2.3976363453586347e-01, 7.6258902842105702e-01,
       5.9921166334385373e-03, -1.3216418410301072e-03,
       -9.6413984539774422e-01 ]
