%YAML:1.0
---
Mtx: !!opencv-matrix
   rows: 3
   cols: 3
   dt: d
   data: [ 6.3114969632047416e+02, 0., 3.3786603400747384e+02, 0.,
       6.3345434351304493e+02, 2.3610058025460373e+02, 0., 0., 1. ]
Dist: !!opencv-matrix
   rows: 1
   cols: 5
   dt: d
   data: [ -2.5712923490564404e-01, 9.1358082881106206e-01,
       6.3636632103390069e-03, 2.0080496013830987e-03,
       -1.2827497398583290e+00 ]
