%YAML:1.0
---
Mtx: !!opencv-matrix
   rows: 3
   cols: 3
   dt: d
   data: [ 6.7013258720858403e+02, 0., 3.3871091635554239e+02, 0.,
       6.7423585512206535e+02, 2.2715014222795332e+02, 0., 0., 1. ]
Dist: !!opencv-matrix
   rows: 1
   cols: 5
   dt: d
   data: [ -2.9106462101104252e-01, 9.7743107298322185e-01,
       8.2322511904820844e-03, -3.8004213621781525e-03,
       -1.3415753459208286e+00 ]
