%YAML:1.0
---
Mtx: !!opencv-matrix
   rows: 3
   cols: 3
   dt: d
   data: [ 6.3137132209887943e+02, 0., 3.3752128839228800e+02, 0.,
       6.3355537772084278e+02, 2.3573698537266051e+02, 0., 0., 1. ]
Dist: !!opencv-matrix
   rows: 1
   cols: 5
   dt: d
   data: [ -2.5524296534795549e-01, 9.0416589679195414e-01,
       6.3733009071664471e-03, 2.0983220416225298e-03,
       -1.2650974752161526e+00 ]
