%YAML:1.0
---
Mtx: !!opencv-matrix
   rows: 3
   cols: 3
   dt: d
   data: [ 4.5150495693372409e+02, 0., 3.3179590371718524e+02, 0.,
       4.5430120396560881e+02, 2.3741529243794955e+02, 0., 0., 1. ]
Dist: !!opencv-matrix
   rows: 1
   cols: 5
   dt: d
   data: [ -1.4946545950457193e-01, 2.6768183997116540e-01,
       5.1971931159375158e-03, -4.3933987447406187e-03,
       -1.9033225517398153e-01 ]
