%YAML:1.0
---
Mtx: !!opencv-matrix
   rows: 3
   cols: 3
   dt: d
   data: [ 6.2330223959139744e+02, 0., 3.3812799665899536e+02, 0.,
       6.2606728145140653e+02, 2.3412921305619096e+02, 0., 0., 1. ]
Dist: !!opencv-matrix
   rows: 1
   cols: 5
   dt: d
   data: [ -2.5404788330071298e-01, 8.7133573991252622e-01,
       5.2237424020177880e-03, 9.0674607318259437e-04,
       -1.1962140093685982e+00 ]
