%YAML:1.0
---
Mtx: !!opencv-matrix
   rows: 3
   cols: 3
   dt: d
   data: [ 6.6382598489468842e+02, 0., 3.3963149816221414e+02, 0.,
       6.6596374117309529e+02, 2.3222828164467830e+02, 0., 0., 1. ]
Dist: !!opencv-matrix
   rows: 1
   cols: 5
   dt: d
   data: [ -2.7866552728621324e-01, 1.0561867314581177e+00,
       5.6113651658811631e-03, 8.0490521961977285e-04,
       -1.5959985272424466e+00 ]
