%YAML:1.0
---
Mtx: !!opencv-matrix
   rows: 3
   cols: 3
   dt: d
   data: [ 5.2640379319604665e+02, 0., 3.3644820701037412e+02, 0.,
       5.2938853660135999e+02, 2.3231695526924176e+02, 0., 0., 1. ]
Dist: !!opencv-matrix
   rows: 1
   cols: 5
   dt: d
   data: [ -1.8336574846541051e-01, 4.0054183980316616e-01,
       6.0972875357581434e-03, -3.5739482603205763e-03,
       -3.5433150325206908e-01 ]
