%YAML:1.0
---
Mtx: !!opencv-matrix
   rows: 3
   cols: 3
   dt: d
   data: [ 6.3095335046532784e+02, 0., 3.3411337755534032e+02, 0.,
       6.3402004015990190e+02, 2.3044223028278518e+02, 0., 0., 1. ]
Dist: !!opencv-matrix
   rows: 1
   cols: 5
   dt: d
   data: [ -2.5301087497988284e-01, 9.0507927962225354e-01,
       5.3445341679439944e-03, -2.1692646540373938e-04,
       -1.2953731516724887e+00 ]
