%YAML:1.0
---
Mtx: !!opencv-matrix
   rows: 3
   cols: 3
   dt: d
   data: [ 3.3179410328096719e+02, 0., 3.2998239709343238e+02, 0.,
       3.3383501649350660e+02, 2.4162081236146682e+02, 0., 0., 1. ]
Dist: !!opencv-matrix
   rows: 1
   cols: 5
   dt: d
   data: [ -8.4249054089197001e-02, 8.5821541743599530e-02,
       4.6421091055131930e-03, -3.9019873773411110e-03,
       -3.6626538833678134e-02 ]
