%YAML:1.0
---
Mtx: !!opencv-matrix
   rows: 3
   cols: 3
   dt: d
   data: [ 6.6344676370968170e+02, 0., 3.3940682824837216e+02, 0.,
       6.6541381163031326e+02, 2.3390681129351495e+02, 0., 0., 1. ]
Dist: !!opencv-matrix
   rows: 1
   cols: 5
   dt: d
   data: [ -2.7658733415235431e-01, 1.0586130246742118e+00,
       5.8819224341085845e-03, 1.3066026913118431e-03,
       -1.6072190367426489e+00 ]
