%YAML:1.0
---
Mtx: !!opencv-matrix
   rows: 3
   cols: 3
   dt: d
   data: [ 9.0866761816367693e+02, 0., 3.8381635056790384e+02, 0.,
       9.1815103344554984e+02, 2.3453410073663554e+02, 0., 0., 1. ]
Dist: !!opencv-matrix
   rows: 1
   cols: 5
   dt: d
   data: [ -4.1568064798117893e-01, -2.7469916241674373e+00,
       1.7096386322167575e-02, -2.1620461510549034e-02,
       3.8258596125945935e+01 ]
