%YAML:1.0
---
Mtx: !!opencv-matrix
   rows: 3
   cols: 3
   dt: d
   data: [ 6.3134089220887051e+02, 0., 3.3827501140424397e+02, 0.,
       6.3371201825142032e+02, 2.3624604761383014e+02, 0., 0., 1. ]
Dist: !!opencv-matrix
   rows: 1
   cols: 5
   dt: d
   data: [ -2.5914680193052791e-01, 9.3196429660898128e-01,
       6.1984677393257057e-03, 1.9894841110281868e-03,
       -1.3223669328866152e+00 ]
