%YAML:1.0
---
Mtx: !!opencv-matrix
   rows: 3
   cols: 3
   dt: d
   data: [ 6.3790155028597201e+02, 0., 3.3901611612801446e+02, 0.,
       6.4160592650846991e+02, 2.2924791172063152e+02, 0., 0., 1. ]
Dist: !!opencv-matrix
   rows: 1
   cols: 5
   dt: d
   data: [ -2.4501349094907182e-01, 8.1108184051223520e-01,
       6.2933866281481080e-03, -1.1310812370647098e-03,
       -1.0779559394776801e+00 ]
