%YAML:1.0
---
Mtx: !!opencv-matrix
   rows: 3
   cols: 3
   dt: d
   data: [ 6.4359492018806293e+02, 0., 3.4027051727574877e+02, 0.,
       6.4606443228229875e+02, 2.3158492358412369e+02, 0., 0., 1. ]
Dist: !!opencv-matrix
   rows: 1
   cols: 5
   dt: d
   data: [ -2.6368127774640121e-01, 9.3360773286618770e-01,
       5.7346057654182377e-03, 1.2958686262146786e-03,
       -1.3265789056313733e+00 ]
