%YAML:1.0
---
Mtx: !!opencv-matrix
   rows: 3
   cols: 3
   dt: d
   data: [ 6.4937287093604903e+02, 0., 3.3794424422347106e+02, 0.,
       6.5157034184204008e+02, 2.3559087831717250e+02, 0., 0., 1. ]
Dist: !!opencv-matrix
   rows: 1
   cols: 5
   dt: d
   data: [ -2.6666121162344125e-01, 9.8799904821610507e-01,
       6.3750536370699804e-03, 1.8807655081590415e-03,
       -1.4447484711003546e+00 ]
