%YAML:1.0
---
Mtx: !!opencv-matrix
   rows: 3
   cols: 3
   dt: d
   data: [ 6.6695143030660449e+02, 0., 3.3913985830506789e+02, 0.,
       6.6894364944658309e+02, 2.3342399831773281e+02, 0., 0., 1. ]
Dist: !!opencv-matrix
   rows: 1
   cols: 5
   dt: d
   data: [ -2.8016072308554008e-01, 1.0904339636114113e+00,
       6.4715580895527095e-03, 1.3419899384504498e-03,
       -1.6748342723899079e+00 ]
